C: 4
epsilon: 0.3
gamma: 1

Pearson (train): 0.88244
Pearson (test): 0.85792
