C: 2
epsilon: 0.25
gamma: 2

Pearson (train): 0.89895
Pearson (test): 0.65768
