C: 8
epsilon: 0.005
gamma: 0.5

Pearson (train): 0.83089
Pearson (test):  0.53103
