C: 16
epsilon: 0.1
gamma: 0.5

Pearson (train): 0.89408
Pearson (test): 0.85416