C: 4
epsilon: 0.25
gamma: 0.25

Pearson (train): 0.78384
Pearson (test): 0.51462