C: 1024
epsilon: 0.15
gamma: 0.0625

Pearson (train): 0.88294
Pearson (test): 0.85128