C=0.03125, gamma=3.0517578125e-05, epsilon=0.0001

pearson_train = 0.56263

pearson_test = 0.51080
